[366, 222, -695]
[382, 186, -661]
[392, 187, -661]
[401, 187, -661]
[344, 181, -679]
[327, 178, -679]
[309, 175, -679]
[391, 191, -395]
[273, 174, -452]
[363, 251, -578]
[326, 250, -604]
[437, 335, -212]
[138, 290, -217]
[567, 478, -388]
[-8, 471, -63]
[581, 276, -701]
[-5, 686, -102]
[625, 206, -775]
[-13, 745, -101]
[599, 205, -734]
[8, 731, -153]
[568, 234, -701]
[16, 713, -127]
[30, 20, 20]
[147, 749, 41]
[342, 1105, 58]
[144, 1101, 215]
[324, 1408, 557]
[126, 1394, 714]
[321, 1451, 587]
[114, 1437, 756]
[295, 1513, 185]
[156, 1494, 307]